Xi(:,3)=[6.456380229429731 % speed;
    11.37936379185199
    13.791540303982362
    6.7533799356058415
    0.11790798067361308
    17.585925745309765
    8.871333729668127
    5.123992229121017
    6.070399008269885
    4.514189900321262
    10.229585585412861
    3.97455531794893
    4.266723534361323
    4.564085881762186
    9.891371043454487
    14.328917998386975
    16.602687099776436
    6.547932594234106
    2.155373024141541
    4.079726503461224
    0.3215900640978778
    5.810759596952893
    15.241018543242554
    10.925949006274452
    17.848620452899397
    12.591443033674166
    8.070831355042273
    6.030904566232093
    5.767004145092841
    16.092917237667212
    13.937979765259113
    6.432642211784096
    0.410029438688216
    7.450014367656238
    14.62376280209871
    0.06874276122768698
    4.470225690364589
    2.033535323436028
    17.657513858456777
    6.325702343234265
    0.0059506559248209134
    12.289826137620127
    9.843481213681727
    20.770284134394487
    8.4476686394747
    5.3982387504216645
    18.771901721480724
    2.6944883856382247
    13.149620732704372
    7.894977094189089
    15.68220081377116
    6.204541656399551
    4.968554930464747
    7.217137441175878
    16.90906803795075
    9.587339317273948
    7.317265844022695
    13.964180280284078
    5.885205970110367
    14.037099476088265
    8.767062610551893
    7.072051292995059
    0.5644467211732612
    2.6600070293974953
    10.555460774697725
    17.3741362697546
    7.791812483029654
    7.080584227218705
    10.345585337813972
    9.36801208512505
    10.503519928396235
    1.0440521597062207
    1.981620999173937
    7.574564625138365
    1.736753630648231
    0.009009167661863458
    17.79228002476494
    10.401028975069202
    17.679112529145762
    8.276794685236702
    9.389664046379105
    7.228852754103802
    15.37094650728533
    8.963847419945726
    0.029063674836331713
    15.109952697853505
    5.988806437377811
    8.339485863319691
    6.8310442797204765
    5.4447533406567405
    15.987885929788582
    6.876062113921743
    13.598977042078149
    15.152655134051601
    9.191255022437604
    7.439375957290413
    3.10452102731748
    7.974519277643352
    9.87609738203924
    0.016361227935821718
    12.3209441061954
    5.903869499002277
    6.879009824198163
    17.68262035784881
    13.69705491003913
    11.265011449100994
    17.061740557172175
    0.007632704746983957
    0.04130081502695083
    4.269360485680594
    7.221879713380293
    5.714171141642791
    2.797938086642404
    9.157749880329128
    6.6217704588150585
    17.68962825567575
    9.600416221580723
    7.948951322469728
    14.85215939071889
    17.03855295980588
    13.809617915129252
    0.008815814598800336
    7.357634230188371
    3.3819704128593138
    10.586790826095193
    16.356702065890843
    16.14484513458628
    14.264348497340329
    8.18739958135067
    17.53873254960293
    9.686295977943292
    1.762027608268198
    7.740144418474166
    6.40977346981725
    17.57413522077827
    16.15506476748432
    15.988830671564527
    12.522183500064452
    8.244708513675555
    7.058207348815673
    16.830409317639216
    13.173348520625748
    5.927333942120132
    3.0347280784576336
    13.625335594413247
    21.554006688968773
    5.7365639832769055
    10.664296798917386
    15.53906156085933
    8.418458554983186
    7.789781967208671
    8.20401965271757
    3.150675050108506
    7.47222446681861
    8.548265086864417
    9.960894028487987
    9.124681966372203
    15.302269984410561
    13.19515588588308
    17.418805831232426
    17.288589184253173
    11.535044569147528
    0.036386308020462575
    0.005210436974999289
    12.945722959370524
    9.222334496378183
    8.19763435459393
    11.598167306919272
    3.258219701049455
    4.161473772995182
    5.239353558952889
    5.477977114471205
    10.705139035162297
    11.15915425992831
    5.988038457308509
    14.05523398954676
    15.306531185954066
    8.527249307918758
    17.457087360533205
    6.479833876437476
    3.050349604314836
    20.19916182513246
    11.463734438304435
    17.540694745622197
    11.079346397580835
    12.45990103680978
    3.187030346097379
    17.729020204210443
    17.48605959630301
    1.9151037833140134
    4.59631827492824
    7.729108848917558
    3.9389193922817203
    7.588865268461364
    0.15721486388763362
    6.159825431862926
    8.80482075057997
    0.42945128596576
    3.7296600256235988
    11.028421037234482
    14.852287744889185
    0.011486082931950527
    7.678136125843813
    12.058973467896834
    8.863287982332963
    1.103999727358254
    9.670900407880636
    0.09135576571884628
    8.326154150534073
    15.715999818042947];

RType=[1 % 1 = City, 2 = Residential, 3 = Road
3
2
1
1
3
2
1
2
2
1
1
2
3
1
2
3
1
1
2
3
2
3
3
3
2
2
1
2
3
3
2
3
2
2
1
1
2
3
1
1
1
3
3
1
2
3
1
1
2
3
2
2
1
3
1
2
3
1
3
2
2
2
1
1
3
2
1
1
2
1
1
1
1
2
1
3
3
3
2
1
2
3
2
3
2
1
1
2
2
3
1
1
3
2
3
2
2
2
1
2
3
1
3
1
1
3
1
3
1
2
1
2
2
3
3
1
2
3
3
1
1
2
2
3
3
3
1
3
3
1
3
3
2
3
1
3
3
1
1
3
1
2
2
2
3
2
1
3
1
2
2
1
2
2
3
2
3
3
3
3
3
3
1
3
2
2
2
2
3
2
1
1
3
2
2
1
1
3
2
1
3
3
3
1
3
2
3
3
1
2
3
2
1
2
1
2
1
1
1
1
1
2
3
2
3
2
1
2
3]; 


Labels={'person' % 1
    'bicycle' % 2
    'car' % 3
    'motorbike' % 4
    'aeroplane' % 5
    'bus' % 6
    'train' % 7
    'truck' % 8
    'boat' % 9
    'traffic light' % 10
    'fire hydrant'
    'stop sign' % 12
    'parking meter'
    'bench'
    'bird'
    'cat'
    'dog'
    'horse'
    'sheep'
    'cow'
    'elephant'
    'bear'
    'zebra'
    'giraffe'
    'backpack'
    'umbrella'
    'handbag'
    'tie'
    'suitcase'
    'frisbee'
    'skis'
    'snowboard'
    'sports ball'
    'kite'
    'baseball bat'
    'baseball glove'
    'skateboard'
    'surfboard'
    'tennis racket'
    'bottle'
    'wine glass'
    'cup'
    'fork'
    'knife'
    'spoon'
    'bowl'
    'banana'
    'apple'
    'sandwich'
    'orange'
    'broccoli'
    'carrot'
    'hot dog'
    'pizza'
    'donut'
    'cake'
    'chair'
    'sofa'
    'pottedplant'
    'bed'
    'diningtable'
    'toilet'
    'tvmonitor'
    'laptop'
    'mouse'
    'remote'
    'keyboard'
    'cell phone'
    'microwave'
    'oven'
    'toaster'
    'sink'
    'refrigerator'
    'book'
    'clock'
    'vase'
    'scissors'
    'teddy bear'
    'hair drier'
    'toothbrush'};
